1.000E-03 2.256E+00 1.427E-02 1.183E+03 
1.500E-03 2.040E+00 2.477E-02 4.002E+02 
1.560E-03 2.015E+00 2.594E-02 3.600E+02 
1.560E-03 2.015E+00 2.594E-02 3.955E+03 
2.000E-03 1.838E+00 3.375E-02 2.261E+03 
3.000E-03 1.523E+00 4.732E-02 7.865E+02 
4.000E-03 1.295E+00 5.810E-02 3.591E+02 
5.000E-03 1.116E+00 6.787E-02 1.922E+02 
6.000E-03 9.638E-01 7.696E-02 1.143E+02 
7.000E-03 8.336E-01 8.532E-02 7.316E+01 
8.000E-03 7.229E-01 9.292E-02 4.950E+01 
9.000E-03 6.295E-01 9.974E-02 3.496E+01 
1.000E-02 5.513E-01 1.058E-01 2.556E+01 
1.100E-02 4.860E-01 1.111E-01 1.922E+01 
1.200E-02 4.314E-01 1.158E-01 1.479E+01 
1.300E-02 3.855E-01 1.198E-01 1.161E+01 
1.400E-02 3.466E-01 1.234E-01 9.274E+00 
1.500E-02 3.136E-01 1.265E-01 7.515E+00 
1.600E-02 2.853E-01 1.292E-01 6.168E+00 
1.700E-02 2.608E-01 1.316E-01 5.121E+00 
1.800E-02 2.396E-01 1.336E-01 4.294E+00 
1.900E-02 2.210E-01 1.355E-01 3.634E+00 
2.000E-02 2.046E-01 1.371E-01 3.100E+00 
2.100E-02 1.901E-01 1.385E-01 2.665E+00 
2.200E-02 1.771E-01 1.398E-01 2.306E+00 
2.300E-02 1.655E-01 1.410E-01 2.007E+00 
2.400E-02 1.551E-01 1.421E-01 1.758E+00 
2.500E-02 1.456E-01 1.430E-01 1.547E+00 
2.600E-02 1.371E-01 1.438E-01 1.368E+00 
2.700E-02 1.293E-01 1.446E-01 1.215E+00 
2.800E-02 1.221E-01 1.453E-01 1.084E+00 
2.900E-02 1.156E-01 1.459E-01 9.706E-01 
3.000E-02 1.095E-01 1.464E-01 8.722E-01 
3.100E-02 1.040E-01 1.469E-01 7.865E-01 
3.200E-02 9.884E-02 1.474E-01 7.114E-01 
3.300E-02 9.407E-02 1.478E-01 6.454E-01 
3.400E-02 8.964E-02 1.481E-01 5.872E-01 
3.500E-02 8.552E-02 1.484E-01 5.357E-01 
3.600E-02 8.167E-02 1.487E-01 4.899E-01 
3.700E-02 7.808E-02 1.489E-01 4.490E-01 
3.800E-02 7.471E-02 1.491E-01 4.125E-01 
3.900E-02 7.155E-02 1.493E-01 3.798E-01 
4.000E-02 6.859E-02 1.494E-01 3.504E-01 
4.100E-02 6.580E-02 1.495E-01 3.239E-01 
4.200E-02 6.317E-02 1.496E-01 3.000E-01 
4.300E-02 6.070E-02 1.497E-01 2.783E-01 
4.400E-02 5.836E-02 1.497E-01 2.586E-01 
4.500E-02 5.616E-02 1.497E-01 2.407E-01 
4.600E-02 5.407E-02 1.497E-01 2.243E-01 
4.700E-02 5.210E-02 1.497E-01 2.094E-01 
4.800E-02 5.023E-02 1.497E-01 1.958E-01 
4.900E-02 4.846E-02 1.496E-01 1.833E-01 
5.000E-02 4.678E-02 1.496E-01 1.718E-01 
5.100E-02 4.519E-02 1.495E-01 1.612E-01 
5.200E-02 4.367E-02 1.494E-01 1.515E-01 
5.300E-02 4.223E-02 1.493E-01 1.425E-01 
5.400E-02 4.086E-02 1.492E-01 1.342E-01 
5.500E-02 3.955E-02 1.491E-01 1.265E-01 
5.600E-02 3.830E-02 1.489E-01 1.194E-01 
5.700E-02 3.711E-02 1.488E-01 1.128E-01 
5.800E-02 3.598E-02 1.486E-01 1.067E-01 
5.900E-02 3.489E-02 1.485E-01 1.010E-01 
6.000E-02 3.386E-02 1.483E-01 9.564E-02 
6.100E-02 3.287E-02 1.481E-01 9.068E-02 
6.200E-02 3.192E-02 1.480E-01 8.606E-02 
6.300E-02 3.101E-02 1.478E-01 8.174E-02 
6.400E-02 3.014E-02 1.476E-01 7.770E-02 
6.500E-02 2.931E-02 1.474E-01 7.391E-02 
6.600E-02 2.851E-02 1.472E-01 7.036E-02 
6.700E-02 2.774E-02 1.469E-01 6.704E-02 
6.800E-02 2.700E-02 1.467E-01 6.391E-02 
6.900E-02 2.630E-02 1.465E-01 6.097E-02 
7.000E-02 2.561E-02 1.463E-01 5.821E-02 
7.100E-02 2.496E-02 1.461E-01 5.561E-02 
7.200E-02 2.433E-02 1.458E-01 5.315E-02 
7.300E-02 2.372E-02 1.456E-01 5.084E-02 
7.400E-02 2.314E-02 1.454E-01 4.866E-02 
7.500E-02 2.258E-02 1.451E-01 4.659E-02 
7.600E-02 2.203E-02 1.449E-01 4.464E-02 
7.700E-02 2.151E-02 1.446E-01 4.280E-02 
7.800E-02 2.101E-02 1.444E-01 4.105E-02 
7.900E-02 2.052E-02 1.441E-01 3.940E-02 
8.000E-02 2.005E-02 1.439E-01 3.783E-02 
8.100E-02 1.959E-02 1.436E-01 3.634E-02 
8.200E-02 1.915E-02 1.434E-01 3.493E-02 
8.300E-02 1.873E-02 1.431E-01 3.359E-02 
8.400E-02 1.832E-02 1.429E-01 3.232E-02 
8.500E-02 1.792E-02 1.426E-01 3.110E-02 
8.600E-02 1.754E-02 1.424E-01 2.995E-02 
8.700E-02 1.716E-02 1.421E-01 2.885E-02 
8.800E-02 1.680E-02 1.419E-01 2.781E-02 
8.900E-02 1.645E-02 1.416E-01 2.681E-02 
9.000E-02 1.612E-02 1.414E-01 2.586E-02 
9.100E-02 1.579E-02 1.411E-01 2.495E-02 
9.200E-02 1.547E-02 1.408E-01 2.409E-02 
9.300E-02 1.516E-02 1.406E-01 2.326E-02 
9.400E-02 1.486E-02 1.403E-01 2.247E-02 
9.500E-02 1.457E-02 1.401E-01 2.172E-02 
9.600E-02 1.429E-02 1.398E-01 2.100E-02 
9.700E-02 1.401E-02 1.396E-01 2.030E-02 
9.800E-02 1.375E-02 1.393E-01 1.964E-02 
9.900E-02 1.349E-02 1.390E-01 1.901E-02 
1.000E-01 1.324E-02 1.388E-01 1.840E-02 
1.010E-01 1.299E-02 1.385E-01 1.782E-02
1.020E-01 1.275E-02 1.383E-01 1.726E-02
1.030E-01 1.252E-02 1.380E-01 1.673E-02
1.040E-01 1.230E-02 1.378E-01 1.621E-02
1.050E-01 1.208E-02 1.375E-01 1.572E-02
1.060E-01 1.186E-02 1.372E-01 1.525E-02
1.070E-01 1.165E-02 1.370E-01 1.479E-02
1.080E-01 1.145E-02 1.367E-01 1.436E-02
1.090E-01 1.125E-02 1.365E-01 1.393E-02
1.100E-01 1.106E-02 1.362E-01 1.353E-02
1.110E-01 1.087E-02 1.360E-01 1.314E-02
1.120E-01 1.069E-02 1.357E-01 1.277E-02
1.130E-01 1.051E-02 1.355E-01 1.241E-02
1.140E-01 1.034E-02 1.352E-01 1.206E-02
1.150E-01 1.017E-02 1.350E-01 1.172E-02
1.160E-01 1.000E-02 1.347E-01 1.140E-02
1.170E-01 9.843E-03 1.345E-01 1.109E-02
1.180E-01 9.685E-03 1.342E-01 1.079E-02
1.190E-01 9.532E-03 1.340E-01 1.050E-02
1.200E-01 9.381E-03 1.337E-01 1.022E-02
1.210E-01 9.235E-03 1.335E-01 9.952E-03
1.220E-01 9.091E-03 1.332E-01 9.692E-03
1.230E-01 8.951E-03 1.330E-01 9.440E-03
1.240E-01 8.814E-03 1.328E-01 9.198E-03
1.250E-01 8.681E-03 1.325E-01 8.963E-03
1.260E-01 8.550E-03 1.323E-01 8.736E-03
1.270E-01 8.422E-03 1.320E-01 8.517E-03
1.280E-01 8.297E-03 1.318E-01 8.305E-03
1.290E-01 8.175E-03 1.316E-01 8.099E-03
1.300E-01 8.055E-03 1.313E-01 7.901E-03
1.310E-01 7.938E-03 1.311E-01 7.709E-03
1.320E-01 7.824E-03 1.308E-01 7.523E-03
1.330E-01 7.712E-03 1.306E-01 7.342E-03
1.340E-01 7.602E-03 1.304E-01 7.168E-03
1.350E-01 7.494E-03 1.301E-01 6.999E-03
1.360E-01 7.389E-03 1.299E-01 6.835E-03
1.370E-01 7.286E-03 1.297E-01 6.676E-03
1.380E-01 7.186E-03 1.294E-01 6.522E-03
1.390E-01 7.087E-03 1.292E-01 6.373E-03
1.400E-01 6.990E-03 1.290E-01 6.228E-03
1.410E-01 6.895E-03 1.287E-01 6.087E-03
1.420E-01 6.802E-03 1.285E-01 5.951E-03
1.430E-01 6.711E-03 1.283E-01 5.819E-03
1.440E-01 6.622E-03 1.281E-01 5.690E-03
1.450E-01 6.535E-03 1.278E-01 5.565E-03
1.460E-01 6.449E-03 1.276E-01 5.444E-03
1.470E-01 6.365E-03 1.274E-01 5.326E-03
1.480E-01 6.282E-03 1.272E-01 5.212E-03
1.490E-01 6.202E-03 1.270E-01 5.101E-03
1.500E-01 6.122E-03 1.267E-01 4.993E-03
1.510E-01 6.044E-03 1.265E-01 4.888E-03
1.520E-01 5.968E-03 1.263E-01 4.786E-03
1.530E-01 5.893E-03 1.261E-01 4.686E-03
1.540E-01 5.820E-03 1.259E-01 4.590E-03
1.550E-01 5.747E-03 1.256E-01 4.496E-03
1.560E-01 5.676E-03 1.254E-01 4.404E-03
1.570E-01 5.607E-03 1.252E-01 4.315E-03
1.580E-01 5.539E-03 1.250E-01 4.229E-03
1.590E-01 5.471E-03 1.248E-01 4.144E-03
1.600E-01 5.406E-03 1.246E-01 4.062E-03
1.610E-01 5.341E-03 1.244E-01 3.982E-03
1.620E-01 5.277E-03 1.242E-01 3.905E-03
1.630E-01 5.215E-03 1.239E-01 3.829E-03
1.640E-01 5.154E-03 1.237E-01 3.755E-03
1.650E-01 5.093E-03 1.235E-01 3.683E-03
1.660E-01 5.034E-03 1.233E-01 3.612E-03
1.670E-01 4.976E-03 1.231E-01 3.544E-03
1.680E-01 4.919E-03 1.229E-01 3.477E-03
1.690E-01 4.862E-03 1.227E-01 3.412E-03
1.700E-01 4.807E-03 1.225E-01 3.349E-03
1.710E-01 4.753E-03 1.223E-01 3.287E-03
1.720E-01 4.699E-03 1.221E-01 3.226E-03
1.730E-01 4.647E-03 1.219E-01 3.168E-03
1.740E-01 4.595E-03 1.217E-01 3.110E-03
1.750E-01 4.544E-03 1.215E-01 3.054E-03
1.760E-01 4.494E-03 1.213E-01 2.999E-03
1.770E-01 4.445E-03 1.211E-01 2.946E-03
1.780E-01 4.397E-03 1.209E-01 2.894E-03
1.790E-01 4.349E-03 1.207E-01 2.843E-03
1.800E-01 4.302E-03 1.205E-01 2.793E-03
1.810E-01 4.256E-03 1.203E-01 2.744E-03
1.820E-01 4.211E-03 1.201E-01 2.697E-03
1.830E-01 4.166E-03 1.199E-01 2.650E-03
1.840E-01 4.122E-03 1.197E-01 2.605E-03
1.850E-01 4.079E-03 1.196E-01 2.561E-03
1.860E-01 4.037E-03 1.194E-01 2.517E-03
1.870E-01 3.995E-03 1.192E-01 2.475E-03
1.880E-01 3.953E-03 1.190E-01 2.434E-03
1.890E-01 3.913E-03 1.188E-01 2.393E-03
1.900E-01 3.873E-03 1.186E-01 2.354E-03
1.910E-01 3.833E-03 1.184E-01 2.315E-03
1.920E-01 3.795E-03 1.182E-01 2.277E-03
1.930E-01 3.756E-03 1.181E-01 2.240E-03
1.940E-01 3.719E-03 1.179E-01 2.204E-03
1.950E-01 3.682E-03 1.177E-01 2.168E-03
1.960E-01 3.645E-03 1.175E-01 2.134E-03
1.970E-01 3.609E-03 1.173E-01 2.100E-03
1.980E-01 3.574E-03 1.172E-01 2.066E-03
1.990E-01 3.539E-03 1.170E-01 2.034E-03
2.000E-01 3.504E-03 1.168E-01 2.002E-03
2.010E-01 3.470E-03 1.166E-01 1.971E-03 
2.020E-01 3.437E-03 1.164E-01 1.940E-03 
2.030E-01 3.404E-03 1.163E-01 1.910E-03 
2.040E-01 3.371E-03 1.161E-01 1.881E-03 
2.050E-01 3.339E-03 1.159E-01 1.853E-03 
2.060E-01 3.308E-03 1.157E-01 1.824E-03 
2.070E-01 3.276E-03 1.156E-01 1.797E-03 
2.080E-01 3.246E-03 1.154E-01 1.770E-03 
2.090E-01 3.215E-03 1.152E-01 1.744E-03 
2.100E-01 3.186E-03 1.151E-01 1.718E-03 
2.110E-01 3.156E-03 1.149E-01 1.692E-03 
2.120E-01 3.127E-03 1.147E-01 1.667E-03 
2.130E-01 3.098E-03 1.145E-01 1.643E-03 
2.140E-01 3.070E-03 1.144E-01 1.619E-03 
2.150E-01 3.042E-03 1.142E-01 1.596E-03 
2.160E-01 3.015E-03 1.140E-01 1.573E-03 
2.170E-01 2.988E-03 1.139E-01 1.550E-03 
2.180E-01 2.961E-03 1.137E-01 1.528E-03 
2.190E-01 2.934E-03 1.135E-01 1.506E-03 
2.200E-01 2.908E-03 1.134E-01 1.485E-03 
2.210E-01 2.883E-03 1.132E-01 1.464E-03 
2.220E-01 2.857E-03 1.130E-01 1.444E-03 
2.230E-01 2.832E-03 1.129E-01 1.424E-03 
2.240E-01 2.807E-03 1.127E-01 1.404E-03 
2.250E-01 2.783E-03 1.126E-01 1.385E-03 
2.260E-01 2.759E-03 1.124E-01 1.366E-03 
2.270E-01 2.735E-03 1.122E-01 1.347E-03 
2.280E-01 2.712E-03 1.121E-01 1.329E-03 
2.290E-01 2.689E-03 1.119E-01 1.311E-03 
2.300E-01 2.666E-03 1.118E-01 1.293E-03 
2.310E-01 2.643E-03 1.116E-01 1.276E-03 
2.320E-01 2.621E-03 1.115E-01 1.259E-03 
2.330E-01 2.599E-03 1.113E-01 1.242E-03 
2.340E-01 2.577E-03 1.111E-01 1.226E-03 
2.350E-01 2.556E-03 1.110E-01 1.210E-03 
2.360E-01 2.534E-03 1.108E-01 1.194E-03 
2.370E-01 2.513E-03 1.107E-01 1.178E-03 
2.380E-01 2.493E-03 1.105E-01 1.163E-03 
2.390E-01 2.472E-03 1.104E-01 1.148E-03 
2.400E-01 2.452E-03 1.102E-01 1.133E-03 
2.410E-01 2.432E-03 1.101E-01 1.119E-03 
2.420E-01 2.412E-03 1.099E-01 1.105E-03 
2.430E-01 2.393E-03 1.098E-01 1.091E-03 
2.440E-01 2.374E-03 1.096E-01 1.077E-03 
2.450E-01 2.355E-03 1.095E-01 1.063E-03 
2.460E-01 2.336E-03 1.093E-01 1.050E-03 
2.470E-01 2.317E-03 1.092E-01 1.037E-03 
2.480E-01 2.299E-03 1.090E-01 1.024E-03 
2.490E-01 2.281E-03 1.089E-01 1.012E-03 
2.500E-01 2.263E-03 1.087E-01 9.993E-04 
2.510E-01 2.245E-03 1.086E-01 9.871E-04 
2.520E-01 2.228E-03 1.084E-01 9.751E-04 
2.530E-01 2.210E-03 1.083E-01 9.633E-04 
2.540E-01 2.193E-03 1.082E-01 9.517E-04 
2.550E-01 2.177E-03 1.080E-01 9.403E-04 
2.560E-01 2.160E-03 1.079E-01 9.291E-04 
2.570E-01 2.143E-03 1.077E-01 9.181E-04 
2.580E-01 2.127E-03 1.076E-01 9.072E-04 
2.590E-01 2.111E-03 1.074E-01 8.965E-04 
2.600E-01 2.095E-03 1.073E-01 8.860E-04 
2.610E-01 2.079E-03 1.072E-01 8.757E-04 
2.620E-01 2.064E-03 1.070E-01 8.655E-04 
2.630E-01 2.048E-03 1.069E-01 8.555E-04 
2.640E-01 2.033E-03 1.067E-01 8.456E-04 
2.650E-01 2.018E-03 1.066E-01 8.359E-04 
2.660E-01 2.003E-03 1.065E-01 8.263E-04 
2.670E-01 1.988E-03 1.063E-01 8.169E-04 
2.680E-01 1.974E-03 1.062E-01 8.077E-04 
2.690E-01 1.959E-03 1.061E-01 7.985E-04 
2.700E-01 1.945E-03 1.059E-01 7.896E-04 
2.710E-01 1.931E-03 1.058E-01 7.807E-04 
2.720E-01 1.917E-03 1.057E-01 7.720E-04 
2.730E-01 1.903E-03 1.055E-01 7.635E-04 
2.740E-01 1.889E-03 1.054E-01 7.550E-04 
2.750E-01 1.876E-03 1.053E-01 7.467E-04 
2.760E-01 1.862E-03 1.051E-01 7.385E-04 
2.770E-01 1.849E-03 1.050E-01 7.305E-04 
2.780E-01 1.836E-03 1.049E-01 7.225E-04 
2.790E-01 1.823E-03 1.047E-01 7.147E-04 
2.800E-01 1.810E-03 1.046E-01 7.070E-04 
2.810E-01 1.798E-03 1.045E-01 6.994E-04 
2.820E-01 1.785E-03 1.043E-01 6.919E-04 
2.830E-01 1.773E-03 1.042E-01 6.846E-04 
2.840E-01 1.760E-03 1.041E-01 6.773E-04 
2.850E-01 1.748E-03 1.039E-01 6.701E-04 
2.860E-01 1.736E-03 1.038E-01 6.631E-04 
2.870E-01 1.724E-03 1.037E-01 6.561E-04 
2.880E-01 1.712E-03 1.036E-01 6.493E-04 
2.890E-01 1.701E-03 1.034E-01 6.425E-04 
2.900E-01 1.689E-03 1.033E-01 6.359E-04 
2.910E-01 1.678E-03 1.032E-01 6.293E-04 
2.920E-01 1.666E-03 1.031E-01 6.228E-04 
2.930E-01 1.655E-03 1.029E-01 6.165E-04 
2.940E-01 1.644E-03 1.028E-01 6.102E-04 
2.950E-01 1.633E-03 1.027E-01 6.040E-04 
2.960E-01 1.622E-03 1.026E-01 5.979E-04 
2.970E-01 1.611E-03 1.024E-01 5.919E-04 
2.980E-01 1.601E-03 1.023E-01 5.859E-04 
2.990E-01 1.590E-03 1.022E-01 5.801E-04 
3.000E-01 1.580E-03 1.021E-01 5.743E-04 
