1.000E-03 1.490E+00 7.920E-03 4.823E+03 
1.500E-03 1.387E+00 1.631E-02 1.670E+03 
2.000E-03 1.266E+00 2.610E-02 7.589E+02 
3.000E-03 1.020E+00 4.653E-02 2.401E+02 
4.000E-03 8.095E-01 6.511E-02 1.036E+02 
5.000E-03 6.463E-01 8.059E-02 5.335E+01 
6.000E-03 5.243E-01 9.304E-02 3.081E+01 
7.000E-03 4.336E-01 1.029E-01 1.927E+01 
8.000E-03 3.651E-01 1.108E-01 1.279E+01 
9.000E-03 3.125E-01 1.172E-01 8.892E+00 
1.000E-02 2.713E-01 1.224E-01 6.411E+00 
1.100E-02 2.384E-01 1.268E-01 4.762E+00 
1.200E-02 2.117E-01 1.305E-01 3.626E+00 
1.300E-02 1.896E-01 1.337E-01 2.819E+00 
1.400E-02 1.710E-01 1.364E-01 2.231E+00 
1.500E-02 1.553E-01 1.388E-01 1.794E+00 
1.600E-02 1.417E-01 1.409E-01 1.461E+00 
1.700E-02 1.300E-01 1.428E-01 1.205E+00 
1.800E-02 1.197E-01 1.445E-01 1.004E+00 
1.900E-02 1.106E-01 1.460E-01 8.450E-01 
2.000E-02 1.025E-01 1.473E-01 7.170E-01 
2.100E-02 9.531E-02 1.485E-01 6.131E-01 
2.200E-02 8.883E-02 1.495E-01 5.280E-01 
2.300E-02 8.298E-02 1.504E-01 4.576E-01 
2.400E-02 7.769E-02 1.512E-01 3.990E-01 
2.500E-02 7.288E-02 1.520E-01 3.497E-01 
2.600E-02 6.850E-02 1.526E-01 3.081E-01 
2.700E-02 6.449E-02 1.531E-01 2.727E-01 
2.800E-02 6.082E-02 1.536E-01 2.424E-01 
2.900E-02 5.745E-02 1.540E-01 2.163E-01 
3.000E-02 5.435E-02 1.544E-01 1.938E-01 
3.100E-02 5.148E-02 1.547E-01 1.742E-01 
3.200E-02 4.883E-02 1.549E-01 1.571E-01 
3.300E-02 4.638E-02 1.551E-01 1.421E-01 
3.400E-02 4.410E-02 1.553E-01 1.290E-01 
3.500E-02 4.198E-02 1.554E-01 1.174E-01 
3.600E-02 4.001E-02 1.555E-01 1.071E-01 
3.700E-02 3.818E-02 1.555E-01 9.791E-02 
3.800E-02 3.646E-02 1.555E-01 8.975E-02 
3.900E-02 3.486E-02 1.555E-01 8.245E-02 
4.000E-02 3.336E-02 1.555E-01 7.591E-02 
4.100E-02 3.195E-02 1.554E-01 7.002E-02 
4.200E-02 3.063E-02 1.554E-01 6.472E-02 
4.300E-02 2.939E-02 1.553E-01 5.993E-02 
4.400E-02 2.822E-02 1.551E-01 5.558E-02 
4.500E-02 2.712E-02 1.550E-01 5.164E-02 
4.600E-02 2.609E-02 1.549E-01 4.806E-02 
4.700E-02 2.511E-02 1.547E-01 4.479E-02 
4.800E-02 2.418E-02 1.545E-01 4.180E-02 
4.900E-02 2.331E-02 1.543E-01 3.907E-02 
5.000E-02 2.248E-02 1.541E-01 3.656E-02 
5.100E-02 2.169E-02 1.539E-01 3.426E-02 
5.200E-02 2.095E-02 1.537E-01 3.214E-02 
5.300E-02 2.024E-02 1.535E-01 3.019E-02 
5.400E-02 1.957E-02 1.533E-01 2.839E-02 
5.500E-02 1.893E-02 1.530E-01 2.673E-02 
5.600E-02 1.832E-02 1.528E-01 2.519E-02 
5.700E-02 1.774E-02 1.525E-01 2.376E-02 
5.800E-02 1.719E-02 1.523E-01 2.244E-02 
5.900E-02 1.666E-02 1.520E-01 2.122E-02 
6.000E-02 1.616E-02 1.517E-01 2.007E-02 
6.100E-02 1.568E-02 1.515E-01 1.901E-02 
6.200E-02 1.522E-02 1.512E-01 1.802E-02 
6.300E-02 1.478E-02 1.509E-01 1.710E-02 
6.400E-02 1.436E-02 1.506E-01 1.623E-02 
6.500E-02 1.395E-02 1.504E-01 1.542E-02 
6.600E-02 1.357E-02 1.501E-01 1.467E-02 
6.700E-02 1.320E-02 1.498E-01 1.396E-02 
6.800E-02 1.284E-02 1.495E-01 1.330E-02 
6.900E-02 1.250E-02 1.492E-01 1.267E-02 
7.000E-02 1.217E-02 1.489E-01 1.209E-02 
7.100E-02 1.185E-02 1.486E-01 1.153E-02 
7.200E-02 1.155E-02 1.483E-01 1.102E-02 
7.300E-02 1.126E-02 1.480E-01 1.053E-02 
7.400E-02 1.098E-02 1.477E-01 1.007E-02 
7.500E-02 1.070E-02 1.474E-01 9.631E-03 
7.600E-02 1.044E-02 1.471E-01 9.220E-03 
7.700E-02 1.019E-02 1.468E-01 8.832E-03 
7.800E-02 9.949E-03 1.465E-01 8.464E-03 
7.900E-02 9.714E-03 1.463E-01 8.117E-03 
8.000E-02 9.488E-03 1.460E-01 7.787E-03 
8.100E-02 9.270E-03 1.457E-01 7.475E-03 
8.200E-02 9.059E-03 1.454E-01 7.180E-03 
8.300E-02 8.854E-03 1.451E-01 6.899E-03 
8.400E-02 8.657E-03 1.448E-01 6.632E-03 
8.500E-02 8.466E-03 1.445E-01 6.379E-03 
8.600E-02 8.282E-03 1.442E-01 6.138E-03 
8.700E-02 8.103E-03 1.439E-01 5.909E-03 
8.800E-02 7.930E-03 1.436E-01 5.691E-03 
8.900E-02 7.762E-03 1.433E-01 5.483E-03 
9.000E-02 7.600E-03 1.430E-01 5.285E-03 
9.100E-02 7.442E-03 1.427E-01 5.096E-03 
9.200E-02 7.290E-03 1.424E-01 4.916E-03 
9.300E-02 7.142E-03 1.421E-01 4.745E-03 
9.400E-02 6.998E-03 1.418E-01 4.581E-03 
9.500E-02 6.859E-03 1.415E-01 4.424E-03 
9.600E-02 6.724E-03 1.412E-01 4.274E-03 
9.700E-02 6.593E-03 1.409E-01 4.131E-03 
9.800E-02 6.465E-03 1.407E-01 3.994E-03 
9.900E-02 6.341E-03 1.404E-01 3.863E-03 
1.000E-01 6.221E-03 1.401E-01 3.738E-03 
1.010E-01 6.104E-03 1.398E-01 3.617E-03 
1.020E-01 5.990E-03 1.395E-01 3.502E-03 
1.030E-01 5.880E-03 1.392E-01 3.392E-03 
1.040E-01 5.772E-03 1.389E-01 3.286E-03 
1.050E-01 5.667E-03 1.387E-01 3.184E-03 
1.060E-01 5.565E-03 1.384E-01 3.087E-03 
1.070E-01 5.466E-03 1.381E-01 2.993E-03 
1.080E-01 5.370E-03 1.378E-01 2.903E-03 
1.090E-01 5.276E-03 1.375E-01 2.817E-03 
1.100E-01 5.184E-03 1.373E-01 2.734E-03 
1.110E-01 5.095E-03 1.370E-01 2.654E-03 
1.120E-01 5.008E-03 1.367E-01 2.577E-03 
1.130E-01 4.923E-03 1.364E-01 2.503E-03 
1.140E-01 4.840E-03 1.362E-01 2.432E-03 
1.150E-01 4.760E-03 1.359E-01 2.363E-03 
1.160E-01 4.681E-03 1.356E-01 2.297E-03 
1.170E-01 4.604E-03 1.354E-01 2.233E-03 
1.180E-01 4.530E-03 1.351E-01 2.172E-03 
1.190E-01 4.457E-03 1.348E-01 2.113E-03 
1.200E-01 4.385E-03 1.346E-01 2.056E-03 
1.210E-01 4.316E-03 1.343E-01 2.001E-03 
1.220E-01 4.248E-03 1.340E-01 1.948E-03 
1.230E-01 4.181E-03 1.338E-01 1.896E-03 
1.240E-01 4.116E-03 1.335E-01 1.847E-03 
1.250E-01 4.053E-03 1.332E-01 1.799E-03 
1.260E-01 3.991E-03 1.330E-01 1.753E-03 
1.270E-01 3.930E-03 1.327E-01 1.708E-03 
1.280E-01 3.871E-03 1.325E-01 1.665E-03 
1.290E-01 3.813E-03 1.322E-01 1.623E-03 
1.300E-01 3.757E-03 1.320E-01 1.583E-03 
1.310E-01 3.701E-03 1.317E-01 1.544E-03 
1.320E-01 3.647E-03 1.315E-01 1.506E-03 
1.330E-01 3.594E-03 1.312E-01 1.469E-03 
1.340E-01 3.542E-03 1.310E-01 1.434E-03 
1.350E-01 3.492E-03 1.307E-01 1.399E-03 
1.360E-01 3.442E-03 1.305E-01 1.366E-03 
1.370E-01 3.393E-03 1.302E-01 1.334E-03 
1.380E-01 3.346E-03 1.300E-01 1.303E-03 
1.390E-01 3.299E-03 1.297E-01 1.272E-03 
1.400E-01 3.254E-03 1.295E-01 1.243E-03 
1.410E-01 3.209E-03 1.292E-01 1.215E-03 
1.420E-01 3.165E-03 1.290E-01 1.187E-03 
1.430E-01 3.122E-03 1.288E-01 1.160E-03 
1.440E-01 3.080E-03 1.285E-01 1.134E-03 
1.450E-01 3.039E-03 1.283E-01 1.109E-03 
1.460E-01 2.998E-03 1.281E-01 1.084E-03 
1.470E-01 2.959E-03 1.278E-01 1.061E-03 
1.480E-01 2.920E-03 1.276E-01 1.037E-03 
1.490E-01 2.882E-03 1.274E-01 1.015E-03 
1.500E-01 2.844E-03 1.271E-01 9.932E-04 
1.510E-01 2.808E-03 1.269E-01 9.720E-04 
1.520E-01 2.772E-03 1.267E-01 9.514E-04 
1.530E-01 2.737E-03 1.264E-01 9.314E-04 
1.540E-01 2.702E-03 1.262E-01 9.119E-04 
1.550E-01 2.668E-03 1.260E-01 8.930E-04 
1.560E-01 2.635E-03 1.258E-01 8.746E-04 
1.570E-01 2.602E-03 1.255E-01 8.566E-04 
1.580E-01 2.570E-03 1.253E-01 8.392E-04 
1.590E-01 2.538E-03 1.251E-01 8.222E-04 
1.600E-01 2.507E-03 1.249E-01 8.057E-04 
1.610E-01 2.477E-03 1.247E-01 7.896E-04 
1.620E-01 2.447E-03 1.244E-01 7.739E-04 
1.630E-01 2.418E-03 1.242E-01 7.587E-04 
1.640E-01 2.389E-03 1.240E-01 7.438E-04 
1.650E-01 2.361E-03 1.238E-01 7.294E-04 
1.660E-01 2.333E-03 1.236E-01 7.153E-04 
1.670E-01 2.306E-03 1.234E-01 7.015E-04 
1.680E-01 2.279E-03 1.232E-01 6.881E-04 
1.690E-01 2.252E-03 1.229E-01 6.751E-04 
1.700E-01 2.227E-03 1.227E-01 6.623E-04 
1.710E-01 2.201E-03 1.225E-01 6.499E-04 
1.720E-01 2.176E-03 1.223E-01 6.378E-04 
1.730E-01 2.151E-03 1.221E-01 6.260E-04 
1.740E-01 2.127E-03 1.219E-01 6.145E-04 
1.750E-01 2.103E-03 1.217E-01 6.033E-04 
1.760E-01 2.080E-03 1.215E-01 5.923E-04 
1.770E-01 2.057E-03 1.213E-01 5.816E-04 
1.780E-01 2.034E-03 1.211E-01 5.712E-04 
1.790E-01 2.012E-03 1.209E-01 5.610E-04 
1.800E-01 1.990E-03 1.207E-01 5.510E-04 
1.810E-01 1.969E-03 1.205E-01 5.413E-04 
1.820E-01 1.947E-03 1.203E-01 5.318E-04 
1.830E-01 1.927E-03 1.201E-01 5.225E-04 
1.840E-01 1.906E-03 1.199E-01 5.135E-04 
1.850E-01 1.886E-03 1.197E-01 5.046E-04 
1.860E-01 1.866E-03 1.195E-01 4.960E-04 
1.870E-01 1.846E-03 1.193E-01 4.875E-04 
1.880E-01 1.827E-03 1.191E-01 4.793E-04 
1.890E-01 1.808E-03 1.189E-01 4.712E-04 
1.900E-01 1.789E-03 1.187E-01 4.633E-04 
1.910E-01 1.771E-03 1.185E-01 4.556E-04 
1.920E-01 1.753E-03 1.184E-01 4.480E-04 
1.930E-01 1.735E-03 1.182E-01 4.407E-04 
1.940E-01 1.717E-03 1.180E-01 4.334E-04 
1.950E-01 1.700E-03 1.178E-01 4.264E-04 
1.960E-01 1.683E-03 1.176E-01 4.195E-04 
1.970E-01 1.666E-03 1.174E-01 4.127E-04 
1.980E-01 1.650E-03 1.172E-01 4.061E-04 
1.990E-01 1.633E-03 1.171E-01 3.996E-04 
2.000E-01 1.617E-03 1.169E-01 3.933E-04 
2.010E-01 1.602E-03 1.167E-01 3.871E-04 
2.020E-01 1.586E-03 1.165E-01 3.811E-04 
2.030E-01 1.571E-03 1.163E-01 3.751E-04 
2.040E-01 1.555E-03 1.161E-01 3.693E-04 
2.050E-01 1.541E-03 1.160E-01 3.636E-04 
2.060E-01 1.526E-03 1.158E-01 3.580E-04 
2.070E-01 1.511E-03 1.156E-01 3.526E-04 
2.080E-01 1.497E-03 1.154E-01 3.472E-04 
2.090E-01 1.483E-03 1.153E-01 3.420E-04 
2.100E-01 1.469E-03 1.151E-01 3.368E-04 
2.110E-01 1.455E-03 1.149E-01 3.318E-04 
2.120E-01 1.442E-03 1.147E-01 3.269E-04 
2.130E-01 1.428E-03 1.146E-01 3.220E-04 
2.140E-01 1.415E-03 1.144E-01 3.173E-04 
2.150E-01 1.402E-03 1.142E-01 3.126E-04 
2.160E-01 1.390E-03 1.140E-01 3.081E-04 
2.170E-01 1.377E-03 1.139E-01 3.036E-04 
2.180E-01 1.365E-03 1.137E-01 2.993E-04 
2.190E-01 1.352E-03 1.135E-01 2.950E-04 
2.200E-01 1.340E-03 1.134E-01 2.908E-04 
2.210E-01 1.328E-03 1.132E-01 2.866E-04 
2.220E-01 1.316E-03 1.130E-01 2.826E-04 
2.230E-01 1.305E-03 1.129E-01 2.786E-04 
2.240E-01 1.293E-03 1.127E-01 2.747E-04 
2.250E-01 1.282E-03 1.125E-01 2.709E-04 
2.260E-01 1.271E-03 1.124E-01 2.671E-04 
2.270E-01 1.260E-03 1.122E-01 2.634E-04 
2.280E-01 1.249E-03 1.121E-01 2.598E-04 
2.290E-01 1.238E-03 1.119E-01 2.563E-04 
2.300E-01 1.227E-03 1.117E-01 2.528E-04 
2.310E-01 1.217E-03 1.116E-01 2.494E-04 
2.320E-01 1.207E-03 1.114E-01 2.460E-04 
2.330E-01 1.196E-03 1.113E-01 2.427E-04 
2.340E-01 1.186E-03 1.111E-01 2.395E-04 
2.350E-01 1.176E-03 1.109E-01 2.363E-04 
2.360E-01 1.166E-03 1.108E-01 2.332E-04 
2.370E-01 1.157E-03 1.106E-01 2.301E-04 
2.380E-01 1.147E-03 1.105E-01 2.271E-04 
2.390E-01 1.138E-03 1.103E-01 2.242E-04 
2.400E-01 1.128E-03 1.102E-01 2.213E-04 
2.410E-01 1.119E-03 1.100E-01 2.184E-04 
2.420E-01 1.110E-03 1.099E-01 2.156E-04 
2.430E-01 1.101E-03 1.097E-01 2.129E-04 
2.440E-01 1.092E-03 1.095E-01 2.102E-04 
2.450E-01 1.083E-03 1.094E-01 2.075E-04 
2.460E-01 1.075E-03 1.092E-01 2.049E-04 
2.470E-01 1.066E-03 1.091E-01 2.023E-04 
2.480E-01 1.057E-03 1.089E-01 1.998E-04 
2.490E-01 1.049E-03 1.088E-01 1.973E-04 
2.500E-01 1.041E-03 1.086E-01 1.949E-04 
2.510E-01 1.033E-03 1.085E-01 1.925E-04 
2.520E-01 1.024E-03 1.084E-01 1.901E-04 
2.530E-01 1.016E-03 1.082E-01 1.878E-04 
2.540E-01 1.009E-03 1.081E-01 1.855E-04 
2.550E-01 1.001E-03 1.079E-01 1.833E-04 
2.560E-01 9.930E-04 1.078E-01 1.810E-04 
2.570E-01 9.853E-04 1.076E-01 1.789E-04 
2.580E-01 9.778E-04 1.075E-01 1.767E-04 
2.590E-01 9.703E-04 1.073E-01 1.746E-04 
2.600E-01 9.630E-04 1.072E-01 1.726E-04 
2.610E-01 9.557E-04 1.071E-01 1.705E-04 
2.620E-01 9.484E-04 1.069E-01 1.685E-04 
2.630E-01 9.413E-04 1.068E-01 1.666E-04 
2.640E-01 9.343E-04 1.066E-01 1.646E-04 
2.650E-01 9.273E-04 1.065E-01 1.627E-04 
2.660E-01 9.204E-04 1.064E-01 1.608E-04 
2.670E-01 9.136E-04 1.062E-01 1.590E-04 
2.680E-01 9.068E-04 1.061E-01 1.572E-04 
2.690E-01 9.001E-04 1.059E-01 1.554E-04 
2.700E-01 8.936E-04 1.058E-01 1.536E-04 
2.710E-01 8.870E-04 1.057E-01 1.519E-04 
2.720E-01 8.806E-04 1.055E-01 1.502E-04 
2.730E-01 8.742E-04 1.054E-01 1.485E-04 
2.740E-01 8.679E-04 1.053E-01 1.469E-04 
2.750E-01 8.616E-04 1.051E-01 1.452E-04 
2.760E-01 8.554E-04 1.050E-01 1.436E-04 
2.770E-01 8.493E-04 1.049E-01 1.420E-04 
2.780E-01 8.433E-04 1.047E-01 1.405E-04 
2.790E-01 8.373E-04 1.046E-01 1.389E-04 
2.800E-01 8.314E-04 1.045E-01 1.374E-04 
2.810E-01 8.255E-04 1.043E-01 1.359E-04 
2.820E-01 8.197E-04 1.042E-01 1.345E-04 
2.830E-01 8.140E-04 1.041E-01 1.330E-04 
2.840E-01 8.083E-04 1.039E-01 1.316E-04 
2.850E-01 8.027E-04 1.038E-01 1.302E-04 
2.860E-01 7.971E-04 1.037E-01 1.288E-04 
2.870E-01 7.916E-04 1.035E-01 1.275E-04 
2.880E-01 7.862E-04 1.034E-01 1.261E-04 
2.890E-01 7.808E-04 1.033E-01 1.248E-04 
2.900E-01 7.755E-04 1.032E-01 1.235E-04 
2.910E-01 7.702E-04 1.030E-01 1.222E-04 
2.920E-01 7.650E-04 1.029E-01 1.209E-04 
2.930E-01 7.598E-04 1.028E-01 1.197E-04 
2.940E-01 7.547E-04 1.026E-01 1.185E-04 
2.950E-01 7.496E-04 1.025E-01 1.173E-04 
2.960E-01 7.446E-04 1.024E-01 1.161E-04 
2.970E-01 7.396E-04 1.023E-01 1.149E-04 
2.980E-01 7.347E-04 1.021E-01 1.137E-04 
2.990E-01 7.298E-04 1.020E-01 1.126E-04 
3.000E-01 7.250E-04 1.019E-01 1.114E-04 
