1.000000000000000000e+00 2.562000000000000000e+03 6.647999999999999687e+00 6.918999999999999803e-03
1.056000000000000050e+00 2.266000000000000000e+03 6.608999999999999986e+00 7.518000000000000377e-03
1.115000000000000213e+00 2.004000000000000000e+03 6.567999999999999616e+00 8.165000000000000382e-03
1.115000010000000152e+00 2.570000000000000000e+03 6.567999999999999616e+00 8.165000000000000382e-03
1.129000000000000004e+00 2.711000000000000000e+03 6.559000000000000163e+00 8.311999999999999944e-03
1.141999999999999904e+00 2.894000000000000000e+03 6.549000000000000377e+00 8.462000000000000771e-03
1.142000009999999843e+00 3.277000000000000000e+03 6.549000000000000377e+00 8.462000000000000771e-03
1.164000000000000146e+00 3.178000000000000000e+03 6.533999999999999808e+00 8.696999999999999870e-03
1.185000000000000053e+00 3.082000000000000000e+03 6.517999999999999794e+00 8.937999999999999765e-03
1.185000009999999993e+00 3.171000000000000000e+03 6.517999999999999794e+00 8.937999999999999765e-03
1.201000000000000068e+00 3.569000000000000000e+03 6.506000000000000227e+00 9.116000000000000839e-03
1.217000000000000082e+00 4.174000000000000000e+03 6.495000000000000107e+00 9.296000000000000443e-03
1.217000010000000021e+00 4.592000000000000000e+03 6.495000000000000107e+00 9.296000000000000443e-03
1.257000000000000117e+00 4.505000000000000000e+03 6.466000000000000192e+00 9.738999999999999393e-03
1.297999999999999821e+00 4.424000000000000000e+03 6.437000000000000277e+00 1.020000000000000073e-02
1.298000009999999760e+00 4.615000000000000000e+03 6.437000000000000277e+00 1.020000000000000073e-02
1.500000000000000000e+00 4.052000000000000000e+03 6.293000000000000149e+00 1.247999999999999977e-02
1.544000000000000039e+00 3.774000000000000000e+03 6.259999999999999787e+00 1.298999999999999981e-02
1.544000009999999978e+00 4.146000000000000000e+03 6.259999999999999787e+00 1.298999999999999981e-02
1.552000000000000046e+00 4.097000000000000000e+03 6.253999999999999559e+00 1.307000000000000002e-02
1.560000000000000053e+00 4.048000000000000000e+03 6.248000000000000220e+00 1.315999999999999982e-02
1.560000009999999993e+00 4.257000000000000000e+03 6.248000000000000220e+00 1.315999999999999982e-02
1.622999999999999998e+00 3.876000000000000000e+03 6.200000000000000178e+00 1.387999999999999998e-02
1.687999999999999945e+00 3.529000000000000000e+03 6.150999999999999801e+00 1.463000000000000064e-02
1.688000009999999884e+00 3.667000000000000000e+03 6.150999999999999801e+00 1.463000000000000064e-02
1.782000000000000028e+00 3.237000000000000000e+03 6.081999999999999851e+00 1.569999999999999868e-02
1.881000000000000005e+00 2.856000000000000000e+03 6.009999999999999787e+00 1.682000000000000162e-02
1.881000009999999945e+00 2.939000000000000000e+03 6.009999999999999787e+00 1.682000000000000162e-02
2.000000000000000000e+00 2.547000000000000000e+03 5.919999999999999929e+00 1.818000000000000171e-02
3.000000000000000000e+00 9.431000000000000227e+02 5.203000000000000291e+00 2.914999999999999883e-02
4.000000000000000000e+00 4.536000000000000227e+02 4.554999999999999716e+00 3.903999999999999831e-02
5.000000000000000000e+00 2.541999999999999886e+02 3.991999999999999993e+00 4.773000000000000159e-02
6.000000000000000000e+00 1.574000000000000057e+02 3.516999999999999904e+00 5.521999999999999825e-02
7.243000000000000327e+00 9.542000000000000171e+01 3.025999999999999801e+00 6.308999999999999331e-02
7.243000010000000266e+00 2.184000000000000057e+02 3.025999999999999801e+00 6.308999999999999331e-02
7.578999999999999737e+00 1.940000000000000000e+02 2.907999999999999918e+00 6.500999999999999834e-02
7.929999999999999716e+00 1.724000000000000057e+02 2.794999999999999929e+00 6.690000000000000113e-02
7.930000009999999655e+00 2.281999999999999886e+02 2.794999999999999929e+00 6.690000000000000113e-02
8.000000000000000000e+00 2.238000000000000114e+02 2.774000000000000021e+00 6.726000000000000034e-02
8.375999999999999446e+00 1.993000000000000114e+02 2.660000000000000142e+00 6.918000000000000538e-02
8.376000010000000273e+00 2.276999999999999886e+02 2.660000000000000142e+00 6.918000000000000538e-02
1.000000000000000000e+01 1.451999999999999886e+02 2.237000000000000099e+00 7.657999999999999530e-02
1.037000000000000099e+01 1.319000000000000057e+02 2.154999999999999805e+00 7.807000000000000051e-02
1.037000001000000182e+01 1.749000000000000057e+02 2.154999999999999805e+00 7.807000000000000051e-02
1.500000000000000000e+01 6.609999999999999432e+01 1.429000000000000048e+00 9.307999999999999607e-02
2.000000000000000000e+01 3.032000000000000028e+01 1.012999999999999901e+00 1.038000000000000034e-01
3.000000000000000000e+01 9.881000000000000227e+00 5.903000000000000469e-01 1.155999999999999944e-01
4.000000000000000000e+01 4.397000000000000242e+00 3.824000000000000177e-01 1.208999999999999936e-01
5.000000000000000000e+01 2.330999999999999961e+00 2.696999999999999953e-01 1.231000000000000011e-01
5.024000000000000199e+01 2.299999999999999822e+00 2.677999999999999825e-01 1.231000000000000011e-01
5.024000001000000282e+01 9.845000000000000639e+00 2.677999999999999825e-01 1.231000000000000011e-01
6.000000000000000000e+01 6.133000000000000007e+00 2.018999999999999961e-01 1.236000000000000015e-01
8.000000000000000000e+01 2.834000000000000075e+00 1.255999999999999894e-01 1.222000000000000031e-01
1.000000000000000000e+02 1.536999999999999922e+00 8.538999999999999369e-02 1.194999999999999951e-01
1.500000000000000000e+02 4.973000000000000198e-01 4.143999999999999767e-02 1.111999999999999933e-01
2.000000000000000000e+02 2.228999999999999870e-01 2.455999999999999850e-02 1.035999999999999976e-01
3.000000000000000000e+02 7.323000000000000342e-02 1.152000000000000073e-02 9.148000000000000576e-02
4.000000000000000000e+02 3.429000000000000103e-02 6.654000000000000192e-03 8.255999999999999450e-02
5.000000000000000000e+02 1.952999999999999875e-02 4.322999999999999586e-03 7.570999999999999952e-02
6.000000000000000000e+02 1.260000000000000009e-02 3.033999999999999805e-03 7.022000000000000464e-02
8.000000000000000000e+02 6.575000000000000115e-03 1.727000000000000019e-03 6.187000000000000138e-02
1.000000000000000000e+03 4.117000000000000000e-03 1.113000000000000057e-03 5.571000000000000257e-02
