1.000000000000000000e+00 3.450000000000000000e+03 7.511000000000000121e+00 6.634000000000000140e-03
1.500000000000000000e+00 1.377000000000000000e+03 7.160999999999999588e+00 1.221000000000000037e-02
1.588000000000000078e+00 1.205000000000000000e+03 7.094999999999999751e+00 1.324000000000000003e-02
1.588000010000000017e+00 1.390000000000000000e+03 7.094999999999999751e+00 1.324000000000000003e-02
1.613999999999999879e+00 1.820000000000000000e+03 7.075999999999999623e+00 1.353999999999999995e-02
1.639000000000000012e+00 2.461000000000000000e+03 7.057000000000000384e+00 1.383000000000000028e-02
1.639000009999999952e+00 2.761000000000000000e+03 7.057000000000000384e+00 1.383000000000000028e-02
1.735999999999999988e+00 2.619000000000000000e+03 6.988000000000000433e+00 1.497000000000000067e-02
1.838999999999999968e+00 2.489000000000000000e+03 6.915000000000000036e+00 1.617000000000000035e-02
1.839000009999999907e+00 2.737000000000000000e+03 6.915000000000000036e+00 1.617000000000000035e-02
2.000000000000000000e+00 2.534000000000000000e+03 6.790000000000000036e+00 1.805999999999999966e-02
2.024000000000000021e+00 2.461000000000000000e+03 6.769999999999999574e+00 1.833999999999999866e-02
2.024000009999999961e+00 2.785000000000000000e+03 6.769999999999999574e+00 1.833999999999999866e-02
2.052000000000000046e+00 2.695000000000000000e+03 6.746999999999999886e+00 1.866999999999999910e-02
2.079999999999999627e+00 2.607000000000000000e+03 6.724000000000000199e+00 1.900999999999999912e-02
2.080000009999999566e+00 2.673000000000000000e+03 6.724000000000000199e+00 1.900999999999999912e-02
2.116999999999999993e+00 2.559000000000000000e+03 6.695000000000000284e+00 1.944999999999999854e-02
2.154999999999999805e+00 2.450000000000000000e+03 6.666000000000000369e+00 1.990000000000000102e-02
2.155000009999999744e+00 2.481000000000000000e+03 6.666000000000000369e+00 1.990000000000000102e-02
2.209000000000000075e+00 2.338000000000000000e+03 6.626999999999999780e+00 2.052999999999999964e-02
2.262999999999999901e+00 2.203000000000000000e+03 6.588000000000000078e+00 2.117000000000000132e-02
2.263000009999999840e+00 2.315000000000000000e+03 6.588000000000000078e+00 2.117000000000000132e-02
2.317000000000000171e+00 2.190000000000000000e+03 6.551000000000000156e+00 2.179999999999999993e-02
2.373000000000000220e+00 2.072000000000000000e+03 6.512999999999999901e+00 2.245000000000000120e-02
2.373000010000000159e+00 2.084000000000000000e+03 6.512999999999999901e+00 2.245000000000000120e-02
2.431000000000000050e+00 1.967000000000000000e+03 6.472999999999999865e+00 2.313000000000000125e-02
2.491000000000000103e+00 1.856000000000000000e+03 6.431000000000000050e+00 2.383000000000000049e-02
2.491000010000000042e+00 1.922000000000000000e+03 6.431000000000000050e+00 2.383000000000000049e-02
3.000000000000000000e+00 1.227000000000000000e+03 6.054000000000000270e+00 2.959000000000000172e-02
4.000000000000000000e+00 6.031000000000000227e+02 5.370000000000000107e+00 3.989999999999999797e-02
5.000000000000000000e+00 3.426000000000000227e+02 4.756999999999999673e+00 4.877999999999999697e-02
6.000000000000000000e+00 2.141999999999999886e+02 4.225999999999999979e+00 5.628999999999999976e-02
8.000000000000000000e+00 1.010000000000000000e+02 3.378000000000000114e+00 6.808999999999999775e-02
9.243999999999999773e+00 6.890999999999999659e+01 2.966000000000000192e+00 7.387000000000000510e-02
9.244000010000000600e+00 1.688000000000000114e+02 2.966000000000000192e+00 7.387000000000000510e-02
1.000000000000000000e+01 1.375999999999999943e+02 2.750000000000000000e+00 7.696999999999999675e-02
1.034999999999999964e+01 1.254000000000000057e+02 2.656000000000000139e+00 7.832000000000000073e-02
1.035000001000000047e+01 1.700000000000000000e+02 2.656000000000000139e+00 7.832000000000000073e-02
1.060999999999999943e+01 1.600999999999999943e+02 2.591000000000000192e+00 7.928999999999999937e-02
1.086999999999999922e+01 1.506999999999999886e+02 2.527000000000000135e+00 8.024000000000000576e-02
1.087000001000000005e+01 1.734000000000000057e+02 2.527000000000000135e+00 8.024000000000000576e-02
1.500000000000000000e+01 7.557999999999999829e+01 1.762999999999999901e+00 9.249999999999999889e-02
1.703999999999999915e+01 5.385000000000000142e+01 1.512999999999999901e+00 9.715999999999999637e-02
1.704000000999999997e+01 5.679999999999999716e+01 1.512999999999999901e+00 9.715999999999999637e-02
2.000000000000000000e+01 3.713000000000000256e+01 1.241999999999999993e+00 1.028000000000000025e-01
3.000000000000000000e+01 1.239000000000000057e+01 7.302999999999999492e-01 1.145999999999999935e-01
4.000000000000000000e+01 5.615000000000000213e+00 4.783000000000000029e-01 1.200999999999999984e-01
5.000000000000000000e+01 3.020000000000000018e+00 3.375000000000000222e-01 1.223999999999999949e-01
6.000000000000000000e+01 1.814000000000000057e+00 2.525000000000000022e-01 1.229999999999999982e-01
6.331000000000000227e+01 1.560000000000000053e+00 2.316000000000000003e-01 1.229999999999999982e-01
6.331000001000000310e+01 7.706000000000000405e+00 2.316000000000000003e-01 1.229999999999999982e-01
8.000000000000000000e+01 4.163999999999999702e+00 1.582000000000000073e-01 1.218000000000000055e-01
1.000000000000000000e+02 2.297000000000000153e+00 1.082000000000000045e-01 1.190999999999999975e-01
1.500000000000000000e+02 7.639000000000000234e-01 5.272000000000000297e-02 1.111000000000000043e-01
2.000000000000000000e+02 3.479999999999999760e-01 3.137000000000000205e-02 1.035999999999999976e-01
3.000000000000000000e+02 1.168000000000000010e-01 1.482999999999999943e-02 9.160000000000000087e-02
4.000000000000000000e+02 5.537999999999999867e-02 8.604000000000000536e-03 8.272999999999999798e-02
5.000000000000000000e+02 3.182999999999999718e-02 5.605999999999999872e-03 7.588999999999999913e-02
6.000000000000000000e+02 2.065000000000000169e-02 3.941000000000000059e-03 7.041999999999999649e-02
8.000000000000000000e+02 1.085000000000000027e-02 2.249000000000000131e-03 6.205999999999999711e-02
1.000000000000000000e+03 6.808999999999999948e-03 1.451999999999999949e-03 5.589000000000000218e-02
