1.000000000000000000e+00 3.143000000000000000e+03 1.225999999999999979e+00 1.290999999999999960e-02
1.500000000000000000e+00 1.037000000000000000e+03 1.114000000000000101e+00 2.589999999999999941e-02
2.000000000000000000e+00 4.588999999999999773e+02 9.907000000000000250e-01 4.023000000000000187e-02
3.000000000000000000e+00 1.408000000000000114e+02 7.607000000000000428e-01 6.740999999999999770e-02
4.000000000000000000e+00 5.960000000000000142e+01 5.842000000000000526e-01 8.938999999999999724e-02
5.000000000000000000e+00 3.028999999999999915e+01 4.586999999999999966e-01 1.058999999999999941e-01
6.000000000000000000e+00 1.730999999999999872e+01 3.703000000000000180e-01 1.180999999999999966e-01
8.000000000000000000e+00 7.080000000000000071e+00 2.599000000000000199e-01 1.345999999999999974e-01
1.000000000000000000e+01 3.509999999999999787e+00 1.963000000000000023e-01 1.451000000000000068e-01
1.500000000000000000e+01 9.638999999999999790e-01 1.155999999999999944e-01 1.605000000000000038e-01
2.000000000000000000e+01 3.808000000000000274e-01 7.667000000000000204e-02 1.683999999999999941e-01
3.000000000000000000e+01 1.014000000000000040e-01 4.028999999999999942e-02 1.741999999999999937e-01
4.000000000000000000e+01 3.935999999999999915e-02 2.460000000000000034e-02 1.739999999999999880e-01
5.000000000000000000e+01 1.883999999999999911e-02 1.652999999999999955e-02 1.716000000000000025e-01
6.000000000000000000e+01 1.030000000000000013e-02 1.186000000000000075e-02 1.683999999999999941e-01
8.000000000000000000e+01 3.969999999999999571e-03 6.937999999999999723e-03 1.613999999999999879e-01
1.000000000000000000e+02 1.897000000000000032e-03 4.533999999999999836e-03 1.545999999999999874e-01
1.500000000000000000e+02 5.006999999999999732e-04 2.063000000000000164e-03 1.400000000000000133e-01
2.000000000000000000e+02 1.975000000000000030e-04 1.170999999999999949e-03 1.285999999999999921e-01
3.000000000000000000e+02 5.569999999999999864e-05 5.238999999999999950e-04 1.121000000000000052e-01
4.000000000000000000e+02 2.381999999999999894e-05 2.954000000000000245e-04 1.005000000000000060e-01
5.000000000000000000e+02 1.284000000000000073e-05 1.892999999999999934e-04 9.181000000000000272e-02
6.000000000000000000e+02 7.991000000000000232e-06 1.314999999999999980e-04 8.493000000000000549e-02
8.000000000000000000e+02 4.031999999999999682e-06 7.402999999999999425e-05 7.463000000000000189e-02
1.000000000000000000e+03 2.506999999999999883e-06 4.738999999999999859e-05 6.711999999999999911e-02
