1.000000000000000000e+00 4.823000000000000000e+03 1.489999999999999991e+00 7.919999999999999957e-03
1.500000000000000000e+00 1.670000000000000000e+03 1.387000000000000011e+00 1.631000000000000158e-02
2.000000000000000000e+00 7.588999999999999773e+02 1.266000000000000014e+00 2.610000000000000167e-02
3.000000000000000000e+00 2.400999999999999943e+02 1.020000000000000018e+00 4.653000000000000191e-02
4.000000000000000000e+00 1.035999999999999943e+02 8.094999999999999973e-01 6.511000000000000121e-02
5.000000000000000000e+00 5.335000000000000142e+01 6.462999999999999856e-01 8.058999999999999497e-02
6.000000000000000000e+00 3.080999999999999872e+01 5.242999999999999883e-01 9.303999999999999770e-02
8.000000000000000000e+00 1.278999999999999915e+01 3.650999999999999801e-01 1.107999999999999957e-01
1.000000000000000000e+01 6.410999999999999588e+00 2.712999999999999856e-01 1.223999999999999949e-01
1.500000000000000000e+01 1.794000000000000039e+00 1.552999999999999936e-01 1.388000000000000067e-01
2.000000000000000000e+01 7.169999999999999707e-01 1.024999999999999939e-01 1.472999999999999865e-01
3.000000000000000000e+01 1.938000000000000000e-01 5.435000000000000248e-02 1.544000000000000095e-01
4.000000000000000000e+01 7.591000000000000525e-02 3.336000000000000076e-02 1.554999999999999993e-01
5.000000000000000000e+01 3.656000000000000222e-02 2.247999999999999998e-02 1.540999999999999870e-01
6.000000000000000000e+01 2.007000000000000103e-02 1.616000000000000075e-02 1.517000000000000015e-01
8.000000000000000000e+01 7.786999999999999651e-03 9.487999999999999906e-03 1.459999999999999909e-01
1.000000000000000000e+02 3.738000000000000003e-03 6.220999999999999967e-03 1.401000000000000023e-01
1.500000000000000000e+02 9.932000000000000724e-04 2.844000000000000174e-03 1.270999999999999908e-01
2.000000000000000000e+02 3.933000000000000189e-04 1.616999999999999948e-03 1.169000000000000039e-01
3.000000000000000000e+02 1.113999999999999973e-04 7.249999999999999500e-04 1.019000000000000045e-01
4.000000000000000000e+02 4.780000000000000313e-05 4.091000000000000235e-04 9.141000000000000514e-02
5.000000000000000000e+02 2.578000000000000051e-05 2.620999999999999741e-04 8.351000000000000090e-02
6.000000000000000000e+02 1.605999999999999870e-05 1.822000000000000106e-04 7.728000000000000147e-02
8.000000000000000000e+02 8.108999999999999780e-06 1.026000000000000002e-04 6.791999999999999427e-02
1.000000000000000000e+03 5.040999999999999678e-06 6.566000000000000493e-05 6.108000000000000235e-02
