1.000E-03 5.918E-01 2.091E-02 6.035E+02 
1.500E-03 4.948E-01 3.792E-02 1.792E+02 
2.000E-03 4.103E-01 5.284E-02 7.424E+01 
3.000E-03 2.962E-01 7.350E-02 2.090E+01 
4.000E-03 2.321E-01 8.627E-02 8.366E+00 
5.000E-03 1.926E-01 9.562E-02 4.081E+00 
6.000E-03 1.649E-01 1.034E-01 2.259E+00 
7.000E-03 1.432E-01 1.103E-01 1.366E+00 
8.000E-03 1.254E-01 1.163E-01 8.821E-01 
9.000E-03 1.104E-01 1.216E-01 5.987E-01 
1.000E-02 9.749E-02 1.262E-01 4.229E-01 
1.100E-02 8.645E-02 1.301E-01 3.085E-01 
1.200E-02 7.698E-02 1.336E-01 2.312E-01 
1.300E-02 6.885E-02 1.365E-01 1.772E-01 
1.400E-02 6.184E-02 1.390E-01 1.385E-01 
1.500E-02 5.580E-02 1.411E-01 1.101E-01 
1.600E-02 5.055E-02 1.429E-01 8.874E-02 
1.700E-02 4.598E-02 1.444E-01 7.248E-02 
1.800E-02 4.199E-02 1.457E-01 5.987E-02 
1.900E-02 3.848E-02 1.468E-01 4.996E-02 
2.000E-02 3.538E-02 1.477E-01 4.207E-02 
2.100E-02 3.264E-02 1.484E-01 3.572E-02 
2.200E-02 3.020E-02 1.490E-01 3.056E-02 
2.300E-02 2.803E-02 1.495E-01 2.632E-02 
2.400E-02 2.608E-02 1.499E-01 2.281E-02 
2.500E-02 2.432E-02 1.502E-01 1.989E-02 
2.600E-02 2.273E-02 1.504E-01 1.743E-02 
2.700E-02 2.129E-02 1.506E-01 1.535E-02 
2.800E-02 1.998E-02 1.507E-01 1.358E-02 
2.900E-02 1.879E-02 1.507E-01 1.207E-02 
3.000E-02 1.770E-02 1.508E-01 1.077E-02 
3.100E-02 1.670E-02 1.507E-01 9.640E-03 
3.200E-02 1.579E-02 1.507E-01 8.662E-03 
3.300E-02 1.494E-02 1.506E-01 7.809E-03 
3.400E-02 1.416E-02 1.505E-01 7.061E-03 
3.500E-02 1.344E-02 1.503E-01 6.404E-03 
3.600E-02 1.277E-02 1.502E-01 5.823E-03 
3.700E-02 1.215E-02 1.500E-01 5.309E-03 
3.800E-02 1.158E-02 1.498E-01 4.852E-03 
3.900E-02 1.104E-02 1.496E-01 4.445E-03 
4.000E-02 1.054E-02 1.493E-01 4.080E-03 
4.100E-02 1.007E-02 1.491E-01 3.753E-03 
4.200E-02 9.632E-03 1.489E-01 3.460E-03 
4.300E-02 9.221E-03 1.486E-01 3.195E-03 
4.400E-02 8.836E-03 1.483E-01 2.956E-03 
4.500E-02 8.474E-03 1.480E-01 2.739E-03 
4.600E-02 8.134E-03 1.477E-01 2.543E-03 
4.700E-02 7.813E-03 1.475E-01 2.365E-03 
4.800E-02 7.511E-03 1.472E-01 2.203E-03 
4.900E-02 7.226E-03 1.468E-01 2.054E-03 
5.000E-02 6.956E-03 1.465E-01 1.919E-03 
5.100E-02 6.701E-03 1.462E-01 1.795E-03 
5.200E-02 6.460E-03 1.459E-01 1.682E-03 
5.300E-02 6.231E-03 1.456E-01 1.577E-03 
5.400E-02 6.014E-03 1.453E-01 1.481E-03 
5.500E-02 5.808E-03 1.450E-01 1.392E-03 
5.600E-02 5.613E-03 1.446E-01 1.311E-03 
5.700E-02 5.426E-03 1.443E-01 1.235E-03 
5.800E-02 5.249E-03 1.440E-01 1.165E-03 
5.900E-02 5.081E-03 1.437E-01 1.100E-03 
6.000E-02 4.920E-03 1.433E-01 1.039E-03 
6.100E-02 4.767E-03 1.430E-01 9.828E-04 
6.200E-02 4.621E-03 1.427E-01 9.304E-04 
6.300E-02 4.481E-03 1.424E-01 8.816E-04 
6.400E-02 4.347E-03 1.420E-01 8.360E-04 
6.500E-02 4.220E-03 1.417E-01 7.934E-04 
6.600E-02 4.097E-03 1.414E-01 7.535E-04 
6.700E-02 3.980E-03 1.410E-01 7.162E-04 
6.800E-02 3.868E-03 1.407E-01 6.813E-04 
6.900E-02 3.761E-03 1.404E-01 6.485E-04 
7.000E-02 3.658E-03 1.401E-01 6.178E-04 
7.100E-02 3.559E-03 1.397E-01 5.889E-04 
7.200E-02 3.464E-03 1.394E-01 5.617E-04 
7.300E-02 3.372E-03 1.391E-01 5.362E-04 
7.400E-02 3.284E-03 1.388E-01 5.121E-04 
7.500E-02 3.200E-03 1.384E-01 4.894E-04 
7.600E-02 3.119E-03 1.381E-01 4.680E-04 
7.700E-02 3.041E-03 1.378E-01 4.478E-04 
7.800E-02 2.965E-03 1.375E-01 4.287E-04 
7.900E-02 2.893E-03 1.372E-01 4.107E-04 
8.000E-02 2.823E-03 1.369E-01 3.936E-04 
8.100E-02 2.755E-03 1.365E-01 3.775E-04 
8.200E-02 2.690E-03 1.362E-01 3.622E-04 
8.300E-02 2.627E-03 1.359E-01 3.477E-04 
8.400E-02 2.566E-03 1.356E-01 3.340E-04 
8.500E-02 2.508E-03 1.353E-01 3.209E-04 
8.600E-02 2.451E-03 1.350E-01 3.085E-04 
8.700E-02 2.396E-03 1.347E-01 2.968E-04 
8.800E-02 2.343E-03 1.344E-01 2.856E-04 
8.900E-02 2.292E-03 1.340E-01 2.749E-04 
9.000E-02 2.242E-03 1.337E-01 2.648E-04 
9.100E-02 2.194E-03 1.334E-01 2.551E-04 
9.200E-02 2.148E-03 1.331E-01 2.459E-04 
9.300E-02 2.103E-03 1.328E-01 2.372E-04 
9.400E-02 2.059E-03 1.325E-01 2.288E-04 
9.500E-02 2.017E-03 1.322E-01 2.208E-04 
9.600E-02 1.976E-03 1.319E-01 2.132E-04 
9.700E-02 1.936E-03 1.316E-01 2.059E-04 
9.800E-02 1.897E-03 1.314E-01 1.989E-04 
9.900E-02 1.860E-03 1.311E-01 1.923E-04 
1.000E-01 1.824E-03 1.308E-01 1.859E-04 
1.010E-01 1.788E-03 1.305E-01 1.798E-04 
1.020E-01 1.754E-03 1.302E-01 1.740E-04 
1.030E-01 1.721E-03 1.299E-01 1.684E-04 
1.040E-01 1.688E-03 1.296E-01 1.630E-04 
1.050E-01 1.657E-03 1.293E-01 1.579E-04 
1.060E-01 1.626E-03 1.291E-01 1.529E-04 
1.070E-01 1.596E-03 1.288E-01 1.482E-04 
1.080E-01 1.567E-03 1.285E-01 1.437E-04 
1.090E-01 1.539E-03 1.282E-01 1.393E-04 
1.100E-01 1.512E-03 1.280E-01 1.351E-04 
1.110E-01 1.485E-03 1.277E-01 1.311E-04 
1.120E-01 1.459E-03 1.274E-01 1.272E-04 
1.130E-01 1.434E-03 1.271E-01 1.235E-04 
1.140E-01 1.409E-03 1.269E-01 1.199E-04 
1.150E-01 1.385E-03 1.266E-01 1.164E-04 
1.160E-01 1.361E-03 1.263E-01 1.131E-04 
1.170E-01 1.338E-03 1.261E-01 1.099E-04 
1.180E-01 1.316E-03 1.258E-01 1.069E-04 
1.190E-01 1.294E-03 1.256E-01 1.039E-04 
1.200E-01 1.273E-03 1.253E-01 1.010E-04 
1.210E-01 1.253E-03 1.250E-01 9.827E-05 
1.220E-01 1.232E-03 1.248E-01 9.561E-05 
1.230E-01 1.213E-03 1.245E-01 9.305E-05 
1.240E-01 1.193E-03 1.243E-01 9.057E-05 
1.250E-01 1.175E-03 1.240E-01 8.818E-05 
1.260E-01 1.156E-03 1.238E-01 8.587E-05 
1.270E-01 1.138E-03 1.235E-01 8.365E-05 
1.280E-01 1.121E-03 1.233E-01 8.149E-05 
1.290E-01 1.104E-03 1.230E-01 7.941E-05 
1.300E-01 1.087E-03 1.228E-01 7.740E-05 
1.310E-01 1.071E-03 1.225E-01 7.545E-05 
1.320E-01 1.055E-03 1.223E-01 7.357E-05 
1.330E-01 1.039E-03 1.220E-01 7.175E-05 
1.340E-01 1.024E-03 1.218E-01 6.999E-05 
1.350E-01 1.009E-03 1.216E-01 6.828E-05 
1.360E-01 9.940E-04 1.213E-01 6.663E-05 
1.370E-01 9.797E-04 1.211E-01 6.503E-05 
1.380E-01 9.657E-04 1.209E-01 6.348E-05 
1.390E-01 9.520E-04 1.206E-01 6.198E-05 
1.400E-01 9.386E-04 1.204E-01 6.052E-05 
1.410E-01 9.254E-04 1.202E-01 5.911E-05 
1.420E-01 9.125E-04 1.199E-01 5.775E-05 
1.430E-01 8.999E-04 1.197E-01 5.642E-05 
1.440E-01 8.876E-04 1.195E-01 5.514E-05 
1.450E-01 8.755E-04 1.193E-01 5.389E-05 
1.460E-01 8.636E-04 1.190E-01 5.268E-05 
1.470E-01 8.520E-04 1.188E-01 5.150E-05 
1.480E-01 8.407E-04 1.186E-01 5.036E-05 
1.490E-01 8.295E-04 1.184E-01 4.925E-05 
1.500E-01 8.186E-04 1.181E-01 4.818E-05 
1.510E-01 8.079E-04 1.179E-01 4.713E-05 
1.520E-01 7.973E-04 1.177E-01 4.612E-05 
1.530E-01 7.870E-04 1.175E-01 4.513E-05 
1.540E-01 7.769E-04 1.173E-01 4.417E-05 
1.550E-01 7.670E-04 1.171E-01 4.324E-05 
1.560E-01 7.573E-04 1.168E-01 4.233E-05 
1.570E-01 7.477E-04 1.166E-01 4.145E-05 
1.580E-01 7.384E-04 1.164E-01 4.060E-05 
1.590E-01 7.292E-04 1.162E-01 3.976E-05 
1.600E-01 7.202E-04 1.160E-01 3.895E-05 
1.610E-01 7.113E-04 1.158E-01 3.816E-05 
1.620E-01 7.026E-04 1.156E-01 3.739E-05 
1.630E-01 6.941E-04 1.154E-01 3.664E-05 
1.640E-01 6.857E-04 1.152E-01 3.592E-05 
1.650E-01 6.775E-04 1.150E-01 3.521E-05 
1.660E-01 6.694E-04 1.148E-01 3.452E-05 
1.670E-01 6.614E-04 1.146E-01 3.384E-05 
1.680E-01 6.536E-04 1.144E-01 3.319E-05 
1.690E-01 6.460E-04 1.142E-01 3.255E-05 
1.700E-01 6.384E-04 1.140E-01 3.192E-05 
1.710E-01 6.310E-04 1.138E-01 3.132E-05 
1.720E-01 6.238E-04 1.136E-01 3.072E-05 
1.730E-01 6.166E-04 1.134E-01 3.015E-05 
1.740E-01 6.096E-04 1.132E-01 2.958E-05 
1.750E-01 6.027E-04 1.130E-01 2.904E-05 
1.760E-01 5.959E-04 1.128E-01 2.850E-05 
1.770E-01 5.892E-04 1.126E-01 2.798E-05 
1.780E-01 5.827E-04 1.124E-01 2.747E-05 
1.790E-01 5.762E-04 1.122E-01 2.697E-05 
1.800E-01 5.699E-04 1.120E-01 2.648E-05 
1.810E-01 5.636E-04 1.119E-01 2.601E-05 
1.820E-01 5.575E-04 1.117E-01 2.555E-05 
1.830E-01 5.514E-04 1.115E-01 2.510E-05 
1.840E-01 5.455E-04 1.113E-01 2.465E-05 
1.850E-01 5.396E-04 1.111E-01 2.422E-05 
1.860E-01 5.339E-04 1.109E-01 2.380E-05 
1.870E-01 5.282E-04 1.107E-01 2.339E-05 
1.880E-01 5.226E-04 1.106E-01 2.299E-05 
1.890E-01 5.171E-04 1.104E-01 2.260E-05 
1.900E-01 5.117E-04 1.102E-01 2.221E-05 
1.910E-01 5.064E-04 1.100E-01 2.184E-05 
1.920E-01 5.012E-04 1.098E-01 2.147E-05 
1.930E-01 4.960E-04 1.097E-01 2.111E-05 
1.940E-01 4.910E-04 1.095E-01 2.076E-05 
1.950E-01 4.860E-04 1.093E-01 2.042E-05 
1.960E-01 4.810E-04 1.091E-01 2.008E-05 
1.970E-01 4.762E-04 1.090E-01 1.975E-05 
1.980E-01 4.714E-04 1.088E-01 1.943E-05 
1.990E-01 4.667E-04 1.086E-01 1.912E-05 
2.000E-01 4.621E-04 1.085E-01 1.881E-05 
2.010E-01 4.575E-04 1.083E-01 1.851E-05 
2.020E-01 4.530E-04 1.081E-01 1.822E-05 
2.030E-01 4.486E-04 1.079E-01 1.793E-05 
2.040E-01 4.442E-04 1.078E-01 1.765E-05 
2.050E-01 4.399E-04 1.076E-01 1.737E-05 
2.060E-01 4.357E-04 1.074E-01 1.710E-05 
2.070E-01 4.315E-04 1.073E-01 1.683E-05 
2.080E-01 4.274E-04 1.071E-01 1.657E-05 
2.090E-01 4.233E-04 1.069E-01 1.632E-05 
2.100E-01 4.193E-04 1.068E-01 1.607E-05 
2.110E-01 4.153E-04 1.066E-01 1.583E-05 
2.120E-01 4.114E-04 1.065E-01 1.559E-05 
2.130E-01 4.076E-04 1.063E-01 1.535E-05 
2.140E-01 4.038E-04 1.061E-01 1.513E-05 
2.150E-01 4.001E-04 1.060E-01 1.490E-05 
2.160E-01 3.964E-04 1.058E-01 1.468E-05 
2.170E-01 3.928E-04 1.056E-01 1.446E-05 
2.180E-01 3.892E-04 1.055E-01 1.425E-05 
2.190E-01 3.857E-04 1.053E-01 1.405E-05 
2.200E-01 3.822E-04 1.052E-01 1.384E-05 
2.210E-01 3.787E-04 1.050E-01 1.364E-05 
2.220E-01 3.753E-04 1.049E-01 1.345E-05 
2.230E-01 3.720E-04 1.047E-01 1.326E-05 
2.240E-01 3.687E-04 1.046E-01 1.307E-05 
2.250E-01 3.654E-04 1.044E-01 1.288E-05 
2.260E-01 3.622E-04 1.042E-01 1.270E-05 
2.270E-01 3.590E-04 1.041E-01 1.252E-05 
2.280E-01 3.559E-04 1.039E-01 1.235E-05 
2.290E-01 3.528E-04 1.038E-01 1.218E-05 
2.300E-01 3.498E-04 1.036E-01 1.201E-05 
2.310E-01 3.468E-04 1.035E-01 1.185E-05 
2.320E-01 3.438E-04 1.033E-01 1.168E-05 
2.330E-01 3.409E-04 1.032E-01 1.152E-05 
2.340E-01 3.380E-04 1.030E-01 1.137E-05 
2.350E-01 3.351E-04 1.029E-01 1.122E-05 
2.360E-01 3.323E-04 1.027E-01 1.107E-05 
2.370E-01 3.295E-04 1.026E-01 1.092E-05 
2.380E-01 3.267E-04 1.025E-01 1.077E-05 
2.390E-01 3.240E-04 1.023E-01 1.063E-05 
2.400E-01 3.213E-04 1.022E-01 1.049E-05 
2.410E-01 3.187E-04 1.020E-01 1.035E-05 
2.420E-01 3.160E-04 1.019E-01 1.022E-05 
2.430E-01 3.135E-04 1.017E-01 1.009E-05 
2.440E-01 3.109E-04 1.016E-01 9.957E-06 
2.450E-01 3.084E-04 1.014E-01 9.829E-06 
2.460E-01 3.059E-04 1.013E-01 9.703E-06 
2.470E-01 3.034E-04 1.012E-01 9.580E-06 
2.480E-01 3.010E-04 1.010E-01 9.458E-06 
2.490E-01 2.986E-04 1.009E-01 9.339E-06 
2.500E-01 2.962E-04 1.007E-01 9.222E-06 
2.510E-01 2.939E-04 1.006E-01 9.107E-06 
2.520E-01 2.915E-04 1.005E-01 8.993E-06 
2.530E-01 2.892E-04 1.003E-01 8.882E-06 
2.540E-01 2.870E-04 1.002E-01 8.772E-06 
2.550E-01 2.847E-04 1.001E-01 8.665E-06 
2.560E-01 2.825E-04 9.992E-02 8.559E-06 
2.570E-01 2.803E-04 9.979E-02 8.455E-06 
2.580E-01 2.782E-04 9.965E-02 8.352E-06 
2.590E-01 2.760E-04 9.952E-02 8.252E-06 
2.600E-01 2.739E-04 9.939E-02 8.153E-06 
2.610E-01 2.718E-04 9.925E-02 8.055E-06 
2.620E-01 2.698E-04 9.912E-02 7.959E-06 
2.630E-01 2.677E-04 9.899E-02 7.865E-06 
2.640E-01 2.657E-04 9.886E-02 7.772E-06 
2.650E-01 2.637E-04 9.873E-02 7.681E-06 
2.660E-01 2.617E-04 9.859E-02 7.591E-06 
2.670E-01 2.598E-04 9.846E-02 7.503E-06 
2.680E-01 2.578E-04 9.833E-02 7.416E-06 
2.690E-01 2.559E-04 9.820E-02 7.330E-06 
2.700E-01 2.540E-04 9.808E-02 7.246E-06 
2.710E-01 2.522E-04 9.795E-02 7.163E-06 
2.720E-01 2.503E-04 9.782E-02 7.082E-06 
2.730E-01 2.485E-04 9.769E-02 7.001E-06 
2.740E-01 2.467E-04 9.757E-02 6.922E-06 
2.750E-01 2.449E-04 9.744E-02 6.844E-06 
2.760E-01 2.431E-04 9.731E-02 6.767E-06 
2.770E-01 2.414E-04 9.719E-02 6.692E-06 
2.780E-01 2.397E-04 9.706E-02 6.618E-06 
2.790E-01 2.380E-04 9.694E-02 6.544E-06 
2.800E-01 2.363E-04 9.681E-02 6.472E-06 
2.810E-01 2.346E-04 9.669E-02 6.401E-06 
2.820E-01 2.329E-04 9.657E-02 6.331E-06 
2.830E-01 2.313E-04 9.644E-02 6.262E-06 
2.840E-01 2.297E-04 9.632E-02 6.195E-06 
2.850E-01 2.281E-04 9.620E-02 6.128E-06 
2.860E-01 2.265E-04 9.608E-02 6.062E-06 
2.870E-01 2.249E-04 9.596E-02 5.997E-06 
2.880E-01 2.234E-04 9.584E-02 5.933E-06 
2.890E-01 2.218E-04 9.572E-02 5.870E-06 
2.900E-01 2.203E-04 9.560E-02 5.808E-06 
2.910E-01 2.188E-04 9.548E-02 5.747E-06 
2.920E-01 2.173E-04 9.536E-02 5.686E-06 
2.930E-01 2.158E-04 9.524E-02 5.627E-06 
2.940E-01 2.143E-04 9.512E-02 5.568E-06 
2.950E-01 2.129E-04 9.500E-02 5.511E-06 
2.960E-01 2.115E-04 9.489E-02 5.454E-06 
2.970E-01 2.101E-04 9.477E-02 5.398E-06 
2.980E-01 2.086E-04 9.465E-02 5.342E-06 
2.990E-01 2.073E-04 9.454E-02 5.288E-06 
3.000E-01 2.059E-04 9.442E-02 5.234E-06 
